171,5
171,4
171,3
171,1
171,0
170,9
170,8
170,7
170,6
170,5
170,4
170,3
170,1
170,0
169,5
169,4
169,3
169,1
169,0
168,6
168,5
168,4
168,3
168,1
168,0
167,7
167,6
167,5
167,4
167,3
167,1
167,0
166,5
166,4
166,3
166,1
166,0
165,5
165,4
165,3
165,1
165,0
4294967278,389
164,9
164,8
164,7
164,6
164,5
164,4
164,3
164,1
164,0
163,5
163,4
163,3
163,1
163,0
162,6
162,5
162,4
162,3
162,1
162,0
161,7
161,6
161,5
161,4
161,3
161,1
161,0
160,5
160,4
160,3
160,1
160,0
159,5
159,4
159,3
159,1
159,0
4294967278,388
4294967279,453
4294967278,387
158,9
158,8
158,7
158,6
158,5
158,4
158,3
158,1
158,0
157,5
157,4
157,3
157,1
157,0
156,6
156,5
156,4
156,3
156,1
156,0
155,7
155,6
155,5
155,4
155,3
155,1
155,0
154,5
154,4
154,3
154,1
154,0
153,5
153,4
153,3
153,1
153,0
4294967279,452
4294967278,386
152,9
152,8
152,7
152,6
152,5
152,4
152,3
152,1
152,0
151,5
151,4
151,3
151,1
151,0
150,6
150,5
150,4
150,3
150,1
150,0
149,7
149,6
149,5
149,4
149,3
149,1
149,0
148,5
148,4
148,3
148,1
148,0
147,5
147,4
147,3
147,1
147,0
4294967278,385
4294967278,384
146,9
146,8
146,7
146,6
146,5
146,4
146,3
146,1
146,0
145,5
145,4
145,3
145,1
145,0
144,6
144,5
144,4
144,3
144,1
144,0
143,7
143,6
143,5
143,4
143,3
143,1
143,0
142,5
142,4
142,3
142,1
142,0
141,5
141,4
141,3
141,1
141,0
140,9
140,8
140,7
140,6
140,5
140,4
140,3
140,1
140,0
139,5
139,4
139,3
139,1
139,0
138,6
138,5
138,4
138,3
138,1
138,0
137,7
137,6
137,5
137,4
137,3
137,1
137,0
136,5
136,4
136,3
136,1
136,0
135,5
135,4
135,3
135,1
135,0
134,9
134,8
134,7
134,6
134,5
134,4
134,3
134,1
134,0
133,5
133,4
133,3
133,1
133,0
132,6
132,5
132,4
132,3
132,1
132,0
131,7
131,6
131,5
131,4
131,3
131,1
131,0
130,5
130,4
130,3
130,1
130,0
129,5
129,4
129,3
129,1
129,0
128,9
128,8
128,7
128,6
128,5
128,4
128,3
128,1
128,0
127,5
127,4
127,3
127,1
127,0
126,6
126,5
126,4
126,3
126,1
126,0
125,7
125,6
125,5
125,4
125,3
125,1
125,0
4294967278,383
124,5
124,4
124,3
124,1
124,0
123,5
123,4
123,3
123,1
123,0
4294967278,382
122,9
122,8
122,7
122,6
122,5
122,4
122,3
122,1
122,0
121,5
121,4
121,3
121,1
121,0
4294967279,451
120,6
120,5
120,4
120,3
120,1
120,0
119,7
119,6
119,5
119,4
119,3
119,1
119,0
118,5
118,4
118,3
118,1
118,0
117,5
117,4
117,3
117,1
117,0
116,9
116,8
116,7
116,6
116,5
116,4
116,3
116,1
116,0
4294967278,381
115,5
115,4
115,3
115,1
115,0
114,6
114,5
114,4
114,3
114,1
114,0
4294967278,380
113,7
113,6
113,5
113,4
113,3
113,1
113,0
4294967278,379
112,5
112,4
112,3
112,1
112,0
111,5
111,4
111,3
111,1
111,0
110,9
110,8
110,7
110,6
110,5
110,4
110,3
110,1
110,0
109,5
109,4
109,3
109,1
109,0
108,6
108,5
108,4
108,3
108,1
108,0
107,7
107,6
107,5
107,4
107,3
107,1
107,0
106,5
106,4
106,3
106,1
106,0
105,5
105,4
105,3
105,1
105,0
104,9
104,8
104,7
104,6
104,5
104,4
104,3
104,1
104,0
103,5
103,4
103,3
103,1
103,0
102,6
102,5
102,4
102,3
102,1
102,0
101,7
101,6
101,5
101,4
101,3
101,1
101,0
4294967279,450
4294967279,449
100,5
4294967278,378
100,4
100,3
100,1
100,0
4294967279,448
99,5
99,4
99,3
99,1
99,0
4294967279,310
4294967279,309
4294967278,377
4294967279,308
4294967279,307
4294967279,300
98,9
98,8
98,7
98,6
98,5
98,4
98,3
98,1
98,0
97,5
97,4
97,3
97,1
97,0
96,6
96,5
96,4
96,3
96,1
96,0
4294967278,376
95,7
95,6
95,5
95,4
95,3
95,1
95,0
4294967278,375
94,5
94,4
94,3
94,1
94,0
4294967278,374
93,5
93,4
93,3
93,1
93,0
4294967278,373
4294967278,372
4294967278,371
4294967278,370
4294967278,369
92,9
92,8
92,7
92,6
92,5
92,4
92,3
92,1
92,0
91,5
91,4
91,3
91,1
